2.058016 0.7851499999999998
2.409905 0.5685195000000001
2.897159 0.5414309999999999
3.420422 0.536889
3.938955 0.5332178
4.488675 0.5359681666666666
4.986282 0.530488
5.53373 0.532608
6.043402 0.5300595555555555
6.569312 0.5296445999999999
7.101861 0.5299086363636364
7.654766 0.531825
8.17242 0.530734923076923
8.693614 0.5300534285714286
9.224893 0.5301351333333333
9.767137 0.5308919375
10.278366 0.5297352941176471
10.731506 0.52548
11.267028 0.5260085263157894
11.826951 0.52770425
12.345414 0.5272641904761904
12.901499 0.5285742272727272
13.423419 0.5282849130434782
13.997373 0.5301877916666666
14.495231 0.5288946
14.965658 0.5266458461538461
15.533192 0.5281602222222221
16.096857 0.5294282499999999
16.647109 0.5301463103448276
17.166093 0.5297742333333333
17.678836 0.5292248387096774
18.242097 0.53028846875
18.748715 0.5295711818181819
19.244338 0.528572705882353
19.844007 0.5306040285714286
20.36462 0.5303264999999999
20.888173 0.5301434324324323
21.405088 0.5297953157894737
21.896922 0.5288219487179487
22.463591 0.529768125
22.951763 0.5287535853658536
23.476911 0.5286677380952381
24.019115 0.5289825348837209
24.561897 0.529296159090909
25.078287 0.5290093555555555
25.605882 0.5289786086956522
26.146517 0.5292266170212766
26.726687 0.5302879374999999
27.183298 0.5287843265306122
27.745591 0.5294545
28.264019 0.5292382941176471
28.734704 0.5281122692307693
29.274295 0.5283288490566037
29.695291 0.5263412037037037
30.240127 0.5266774727272727
30.723286 0.5259003571428572
31.234157 0.5256366842105263
31.692605 0.5244782586206896
32.210967 0.524374593220339
32.615058 0.5223698666666666
33.078452 0.5214030491803279
33.585985 0.5211793387096775
34.074033 0.5206534444444444
34.566405 0.520211546875
35.144779 0.5211063538461538
35.635106 0.52064
36.147309 0.5205140746268656
36.68865 0.5208203529411765
37.261671 0.521576884057971
37.778151 0.5215040714285715
38.325435 0.5218671690140845
38.897446 0.5225636111111112
39.448527 0.5229542602739726
39.92442 0.5223182972972973
40.468888 0.5226136266666667
40.989032 0.5225811315789474
41.535975 0.5228975194805194
42.05721 0.5228762051282051
42.573598 0.522794075949367
43.058018 0.5223144
43.639075 0.5230396172839505
44.139236 0.5227606097560975
44.641019 0.5225078674698795
45.279415 0.5238874880952381
45.816645 0.5240444588235295
46.307819 0.5236622441860466
46.843035 0.5237950459770115
47.345056 0.5235476136363636
47.885074 0.5237326741573034
48.385098 0.5234692444444444
48.913109 0.5235191538461538
49.34405 0.5225128695652174
49.807462 0.521877376344086
50.313508 0.5217089574468085
50.768587 0.5210075894736842
51.194842 0.5200205833333333
51.698888 0.5198558969072165
52.195525 0.5196189693877551
52.66455 0.5191079191919191
53.18147 0.5190860399999999
53.718344 0.5192621584158416
54.207339 0.5189654215686275
54.709637 0.5188036019417476
55.126634 0.5178246923076923
55.611354 0.5175094095238095
56.080056 0.517048962264151
56.591968 0.517000953271028
57.095853 0.5168795092592592
57.626141 0.5170025229357798
58.113561 0.5167335909090909
58.652142 0.5169304144144143
59.160064 0.5168499821428572
59.692249 0.5169856902654867
60.176723 0.5167005
60.637936 0.5162180000000001
61.133861 0.5160430603448276
61.63295 0.5158981538461539
62.233265 0.5166135508474576
62.771265 0.516793268907563
63.279196 0.5167194166666667
63.857212 0.517226
64.372653 0.517211368852459
64.913312 0.517402
65.424398 0.5173510645161291
65.922089 0.517193784
66.394987 0.5168422301587302
66.945661 0.5171086220472442
67.509747 0.5174756328125001
68.038309 0.5175615736434109
68.604401 0.5179348846153846
69.13229 0.5180108702290077
69.602302 0.5176472424242424
70.107945 0.5175569849624061
70.725428 0.5183027014925373
71.23882 0.518266325925926
71.777114 0.5184135882352942
72.296226 0.518418686131387
72.773812 0.5181227971014494
73.320654 0.5183294100719426
73.877359 0.5186035214285715
74.364006 0.5183768794326242
74.922628 0.518660295774648
75.45537 0.5187587692307692
75.986566 0.518845138888889
76.488407 0.5187278689655173
76.992126 0.5186250684931507
77.537483 0.5188069183673469
78.074323 0.5189287635135136
78.522398 0.5184532348993288
79.155226 0.5192157333333334
79.700755 0.5193899933774835
80.24615 0.5195610789473685
80.774027 0.5196154313725491
81.281622 0.5195373766233766
81.849596 0.519849870967742
82.379127 0.5199119294871795
82.891282 0.5198625222929937
83.400572 0.5197956075949367
83.956235 0.5200211886792454
84.421416 0.5196784375
84.999601 0.5200418322981367
85.587011 0.5204576851851852
86.102233 0.5204255644171779
86.55735 0.5200273414634147
87.125044 0.5203162303030303
87.610685 0.5201073433734941
88.176379 0.5203803173652695
88.69512 0.5203705595238096
89.244613 0.5205428816568047
89.747139 0.5204369000000001
90.301469 0.5206351052631579
90.862197 0.5208682034883722
91.351708 0.5206869479768786
91.869362 0.5206695172413793
92.43227 0.5209108800000001
92.922215 0.5207349375
93.434448 0.5206869039548023
93.977714 0.5208137528089888
94.49139 0.520773877094972
94.983863 0.52061665
95.540886 0.5208177900552486
95.983855 0.5203900494505496
96.456018 0.5201265136612022
96.887049 0.5196422989130436
97.340082 0.5192822486486487
97.777008 0.5188394731182796
98.263028 0.5186639679144386
98.759082 0.5185437021276597
99.290763 0.5186132116402117
99.801203 0.5185701947368422
100.257057 0.5182418376963351
100.685845 0.5177759322916667
101.164965 0.5175756424870467
101.648238 0.5173988247422681
102.069076 0.516903641025641
102.535956 0.516648418367347
103.024362 0.5165050558375635
103.513322 0.5163659393939395
103.969961 0.5160658040201005
104.40931 0.5156822200000001
104.857255 0.5153452189054727
105.332732 0.5151478514851485
105.790398 0.5148646896551724
106.245744 0.5145729313725491
106.698519 0.5142714780487806
107.161546 0.514022718446602
107.665781 0.5139754347826087
108.132922 0.5137502692307693
108.626046 0.5136515789473685
109.100312 0.5134640285714286
109.578414 0.5132964360189574
109.998263 0.5128556462264151
110.44991 0.5125682816901409
110.949777 0.5125089299065421
111.402529 0.5122309906976744
111.848302 0.5119233148148149
112.337396 0.5118181105990783
112.819653 0.511682509174312
113.272686 0.5114147031963471
113.763024 0.5113189
114.294687 0.5114109547511312
114.827706 0.5115082882882883
115.314713 0.5113984170403587
115.73476 0.5109905982142857
116.270515 0.5111006622222223
116.760326 0.5110064601769913
117.231211 0.5108297136563877
117.722508 0.5107440438596492
118.185972 0.5105375807860263
118.69774 0.5105429304347826
119.17197 0.5103857316017316
119.702988 0.5104746637931035
120.213051 0.5104728969957082
120.745105 0.5105651239316239
121.259355 0.5105808042553192
121.743443 0.5104685466101695
122.269437 0.5105340548523207
122.700357 0.5101995420168067
123.221884 0.5102469372384938
123.779168 0.510442925
124.260909 0.5103238298755187
124.717295 0.5101009462809918
125.256697 0.5102215267489713
125.736147 0.5100954139344263